优先洪水填洼/优先洪水填洼/FillDEM.txt
ncols         963             
nrows         605             
xllcorner     459337.403      
yllcorner     327980.09701246 
cellsize      29.980676012461 
NODATA_value  -9999           
[rows 370 to 406 of 605, columns 336 to 419 of 963]
604 588 558 545 527 518 508 496 492 475 456 442 431 424 421 424 421 432 431 426 416 397 384 384 374 357 352 350 352 357 364 375 373 366 350 341 333 327 323 321 319 318 320 311 306 304 297 292 287 282 278 274 269 264 258 253 249 244 239 235 232 228 225 224 224 223 223 222 221 222 223 223 224 224 224 223 223 224 224 226 224 223 222 220
586 573 548 536 524 513 503 492 484 469 455 442 433 428 426 431 430 437 434 427 404 396 384 376 369 359 355 359 359 367 373 381 377 370 357 347 338 332 329 326 325 323 324 316 310 304 299 294 288 284 279 274 270 264 258 255 251 246 242 237 233 229 226 224 223 222 221 220 220 220 222 222 222 222 223 221 222 222 222 224 221 221 220 219
573 563 546 534 526 515 506 495 481 471 461 450 440 435 434 436 439 439 433 425 403 396 385 379 379 363 359 361 368 374 382 378 371 371 361 351 343 337 333 331 330 327 324 319 313 306 300 294 288 283 278 273 269 264 258 255 251 247 243 239 234 231 227 226 224 222 221 220 219 218 221 221 221 221 222 219 219 219 219 222 221 219 218 218
568 558 549 537 526 523 513 502 485 477 469 459 450 445 443 442 442 440 433 423 403 396 386 388 382 376 367 365 368 374 379 380 378 366 354 345 340 336 336 334 334 332 331 327 322 315 307 300 294 288 282 277 268 263 257 257 254 251 247 244 240 236 233 230 228 226 224 222 220 219 218 219 220 220 220 218 217 217 216 219 217 217 217 217
570 559 556 545 533 535 523 512 492 484 477 468 459 455 454 451 446 440 433 423 412 403 397 391 386 380 371 372 375 378 380 374 369 363 359 351 344 339 336 334 333 331 325 328 322 315 306 299 293 287 280 275 271 266 262 257 253 250 247 244 240 239 236 234 232 230 227 224 222 219 218 218 219 219 219 217 216 215 215 217 215 215 216 216
565 565 555 545 545 549 538 526 501 494 488 481 473 468 466 463 454 444 434 423 413 405 399 391 390 385 378 379 379 379 377 365 358 351 345 350 344 334 331 330 330 328 319 320 314 303 297 290 290 285 279 273 269 264 260 257 253 250 247 245 242 239 240 238 236 234 231 227 224 222 218 218 218 219 218 216 214 213 213 215 213 213 213 214
573 577 569 559 567 556 544 533 509 509 503 498 493 486 483 478 465 450 435 424 414 408 402 395 396 393 384 383 380 376 372 356 347 339 332 339 334 329 325 323 323 321 319 307 310 297 292 286 282 276 271 266 263 263 259 257 254 251 249 247 245 243 242 241 239 237 234 231 227 225 220 219 218 218 217 215 214 212 212 213 213 211 211 212
583 589 582 575 567 575 564 555 526 523 521 518 507 498 490 490 475 458 441 427 418 412 407 402 405 402 391 387 379 372 364 349 338 329 323 327 322 319 316 314 313 313 312 299 302 289 285 281 277 273 268 264 261 259 256 254 252 250 250 249 247 245 244 242 241 238 236 234 230 228 223 220 218 217 217 216 214 212 211 211 211 210 210 210
592 604 599 592 584 591 584 578 548 547 547 542 526 510 499 483 473 450 435 422 422 417 413 409 405 409 399 391 380 369 359 343 333 324 318 318 314 311 308 306 304 303 301 290 293 281 278 275 273 269 266 262 260 258 256 254 251 250 249 248 246 244 243 243 241 239 237 235 233 231 225 222 219 217 217 216 215 213 211 210 210 209 209 209
615 607 619 610 600 607 598 593 572 566 563 555 538 519 506 489 478 458 443 430 424 418 415 413 408 408 403 394 381 368 355 340 331 323 318 313 310 308 305 302 299 296 293 290 287 284 274 272 268 266 263 260 258 257 255 252 250 249 248 247 245 244 242 240 238 237 235 234 234 233 228 224 221 219 217 216 216 214 211 210 210 209 208 208
635 629 647 637 628 618 620 609 586 576 566 556 541 524 509 493 497 465 451 438 431 423 418 414 403 395 392 379 365 352 352 340 333 327 323 314 311 309 306 302 297 292 288 284 280 276 269 268 266 265 263 259 257 255 253 250 249 247 246 245 243 242 240 238 237 236 235 234 233 232 229 223 220 220 218 217 217 214 212 210 209 208 207 207
658 653 669 660 651 643 642 628 618 593 581 568 554 540 525 511 501 483 469 456 437 427 418 411 403 387 385 373 361 350 342 339 335 332 329 320 318 315 311 306 300 293 286 281 276 272 267 266 264 262 261 259 257 254 251 248 246 245 244 243 240 240 240 236 235 235 234 234 233 232 230 226 223 220 218 218 215 212 212 210 209 208 207 206
682 676 669 667 660 652 645 632 623 599 585 570 555 541 527 514 504 487 473 460 440 429 416 406 396 378 377 367 358 348 342 347 345 343 340 327 323 318 312 304 304 296 288 281 276 271 268 265 263 262 259 258 256 255 252 247 244 243 243 241 238 237 238 235 234 233 233 233 232 232 231 227 224 221 220 218 215 212 210 208 207 206 205 205
685 685 676 670 663 655 642 630 624 617 604 588 573 543 530 517 508 495 477 465 442 430 413 400 389 375 371 362 354 346 346 355 355 354 351 336 332 326 319 309 299 290 283 276 271 271 269 266 263 261 259 256 254 253 251 248 246 243 241 240 237 236 236 234 232 232 232 232 230 230 230 228 225 222 220 219 216 212 210 208 207 206 205 206
688 679 667 660 652 642 642 624 619 620 608 590 573 559 546 533 508 500 482 469 444 430 413 399 385 379 370 359 351 346 349 361 362 361 359 346 340 332 324 313 302 292 284 277 272 270 267 263 260 258 258 255 253 252 250 247 245 242 240 240 239 237 235 233 232 231 231 231 229 228 227 227 225 222 221 221 217 213 210 208 206 205 206 206
685 676 658 651 643 634 615 609 608 608 590 590 572 558 546 533 522 511 488 475 452 435 418 403 390 379 379 360 352 347 353 365 366 365 362 354 345 335 326 315 303 293 285 279 274 269 266 263 259 257 254 252 249 248 246 246 244 242 240 239 238 237 235 233 231 231 230 230 228 227 226 226 224 223 223 223 219 215 211 209 207 206 207 205
-9999 -9999 -9999 -9999 -9999 -9999 -9999 -9999 596 603 586 569 556 543 532 521 513 513 505 495 464 446 427 412 400 389 390 368 358 353 358 367 368 365 361 353 345 333 324 314 303 293 285 278 273 269 264 262 258 256 253 251 248 247 245 243 241 240 239 238 238 236 235 234 233 231 229 229 227 226 225 225 224 224 224 224 221 217 213 211 208 207 207 205
-9999 -9999 -9999 -9999 -9999 -9999 -9999 -9999 -9999 -9999 579 564 552 542 531 522 515 511 500 489 474 456 456 424 411 399 409 379 369 362 363 366 365 360 354 345 341 329 320 311 300 291 283 277 273 268 263 260 256 254 251 251 249 246 244 242 240 240 240 238 235 234 234 232 230 230 229 229 228 226 225 224 223 223 225 224 221 218 214 212 209 208 206 205
-9999 -9999 -9999 -9999 -9999 -9999 -9999 -9999 -9999 -9999 -9999 -9999 549 540 531 523 517 512 502 493 474 474 465 448 435 422 404 399 389 378 368 365 361 356 350 343 345 334 323 314 305 296 288 281 275 271 264 261 258 254 252 249 247 247 245 243 241 239 239 239 235 233 233 232 231 229 228 227 226 225 225 224 223 222 222 222 222 220 216 214 209 209 207 205
-9999 -9999 -9999 -9999 -9999 -9999 -9999 -9999 -9999 -9999 -9999 -9999 -9999 -9999 -9999 523 517 510 503 493 485 478 468 454 441 428 419 393 382 371 360 354 354 346 338 331 335 326 317 308 299 291 284 278 273 269 263 259 256 252 250 247 245 242 243 241 239 237 237 236 233 231 232 232 229 228 226 225 225 223 222 223 221 221 220 220 219 217 214 212 211 208 207 205
-9999 -9999 -9999 -9999 -9999 -9999 -9999 -9999 -9999 -9999 -9999 -9999 -9999 -9999 -9999 -9999 -9999 506 502 491 482 477 466 454 442 431 417 405 393 381 356 347 337 328 321 314 317 317 309 301 294 286 281 276 271 269 261 257 254 250 247 244 242 240 240 239 238 236 234 233 233 231 229 230 227 226 225 224 223 222 221 221 221 220 219 215 213 212 210 208 209 207 207 205
-9999 -9999 -9999 -9999 -9999 -9999 -9999 -9999 -9999 -9999 -9999 -9999 -9999 -9999 -9999 -9999 -9999 -9999 -9999 488 477 474 462 451 441 430 415 403 390 378 367 352 342 322 314 308 309 302 295 289 283 278 278 274 269 267 259 254 251 248 245 242 240 238 238 237 236 235 233 232 232 230 228 228 226 225 225 224 223 221 220 219 219 218 217 214 212 210 209 207 207 207 205 204
-9999 -9999 -9999 -9999 -9999 -9999 -9999 -9999 -9999 -9999 -9999 -9999 -9999 -9999 -9999 -9999 -9999 -9999 -9999 -9999 471 466 455 447 438 427 415 401 388 375 363 348 337 327 318 310 303 297 291 285 281 276 272 267 263 256 252 252 249 246 243 240 238 237 236 236 235 234 232 231 231 229 227 227 226 226 226 226 224 223 222 219 218 216 215 212 209 208 208 207 206 207 206 205
-9999 -9999 -9999 -9999 -9999 -9999 -9999 -9999 -9999 -9999 -9999 -9999 -9999 -9999 -9999 -9999 -9999 -9999 -9999 -9999 466 459 450 445 436 425 414 402 389 375 361 345 333 323 315 308 304 294 287 282 278 274 269 265 261 254 251 248 244 241 238 237 237 236 235 235 234 233 231 231 230 228 228 227 226 228 229 228 228 227 225 223 217 215 214 212 208 206 206 206 206 206 206 205
-9999 -9999 -9999 -9999 -9999 -9999 -9999 -9999 -9999 -9999 -9999 -9999 -9999 -9999 -9999 -9999 -9999 -9999 -9999 -9999 -9999 456 450 445 436 426 415 404 392 376 360 341 329 320 313 306 302 297 290 284 275 271 267 263 259 254 251 247 243 240 237 236 235 235 234 234 233 233 232 231 230 230 230 227 227 232 234 236 236 235 233 230 220 217 214 211 209 208 207 206 205 205 206 206
-9999 -9999 -9999 -9999 -9999 -9999 -9999 -9999 -9999 -9999 -9999 -9999 -9999 -9999 -9999 -9999 -9999 -9999 -9999 -9999 -9999 456 451 445 436 428 416 404 392 377 358 338 325 317 310 303 300 294 287 281 276 271 267 264 257 254 250 247 243 241 238 237 236 236 235 235 235 234 232 231 233 233 233 230 230 232 242 245 247 247 244 240 226 221 216 212 213 211 209 207 206 205 205 205
-9999 -9999 -9999 -9999 -9999 -9999 -9999 -9999 -9999 -9999 -9999 -9999 -9999 -9999 -9999 -9999 -9999 -9999 -9999 -9999 -9999 449 443 435 435 427 416 399 385 372 355 335 321 313 305 298 296 290 284 277 272 268 265 262 260 254 251 248 245 242 240 239 238 239 236 236 235 235 234 234 236 236 238 235 238 251 257 257 260 260 257 251 235 228 222 217 220 216 213 210 207 205 205 205
-9999 -9999 -9999 -9999 -9999 -9999 -9999 -9999 -9999 -9999 -9999 -9999 -9999 -9999 -9999 -9999 -9999 -9999 -9999 -9999 -9999 444 439 431 424 412 393 368 363 363 349 330 317 308 301 294 288 286 280 274 270 266 263 261 259 257 255 250 247 244 243 242 242 242 238 237 236 236 236 236 238 239 242 241 246 260 267 271 272 270 264 258 245 238 231 224 228 223 218 214 210 206 205 204
-9999 -9999 -9999 -9999 -9999 -9999 -9999 -9999 -9999 -9999 -9999 -9999 -9999 -9999 -9999 -9999 -9999 -9999 -9999 -9999 -9999 -9999 -9999 424 416 405 386 368 354 342 330 313 305 297 297 291 284 282 277 272 268 264 262 260 259 257 255 254 252 250 247 245 245 244 241 240 239 238 238 238 241 243 246 247 253 260 275 281 283 282 278 271 250 243 235 238 230 230 224 218 213 207 206 204
-9999 -9999 -9999 -9999 -9999 -9999 -9999 -9999 -9999 -9999 -9999 -9999 -9999 -9999 -9999 -9999 -9999 -9999 -9999 -9999 -9999 -9999 -9999 -9999 -9999 -9999 -9999 361 347 336 324 311 303 296 289 283 278 275 271 271 267 264 262 260 258 257 255 256 254 252 250 249 249 249 244 244 243 242 241 240 245 246 250 251 259 267 280 288 292 293 289 282 264 254 245 246 237 229 222 216 211 207 207 205
-9999 -9999 -9999 -9999 -9999 -9999 -9999 -9999 -9999 -9999 -9999 -9999 -9999 -9999 -9999 -9999 -9999 -9999 -9999 -9999 -9999 -9999 -9999 -9999 -9999 -9999 -9999 -9999 341 331 321 311 302 296 290 284 279 275 271 268 265 263 260 259 259 258 257 258 256 255 254 254 255 256 256 249 248 246 245 244 247 249 252 255 262 271 284 293 300 302 298 290 274 264 254 252 242 233 225 219 213 208 207 205
-9999 -9999 -9999 -9999 -9999 -9999 -9999 -9999 -9999 -9999 -9999 -9999 -9999 -9999 -9999 -9999 -9999 -9999 -9999 -9999 -9999 -9999 -9999 -9999 -9999 -9999 -9999 -9999 -9999 329 320 312 305 298 291 286 282 275 272 270 267 265 263 262 260 259 258 259 259 259 260 261 262 264 264 256 255 253 249 248 250 251 254 259 263 273 287 298 306 309 304 294 280 269 260 255 245 236 228 221 215 210 208 206
-9999 -9999 -9999 -9999 -9999 -9999 -9999 -9999 -9999 -9999 -9999 -9999 -9999 -9999 -9999 -9999 -9999 -9999 -9999 -9999 -9999 -9999 -9999 -9999 -9999 -9999 -9999 -9999 -9999 -9999 320 314 314 308 302 296 291 278 275 273 270 268 266 264 263 262 261 264 265 266 267 269 272 273 273 264 262 259 256 253 251 254 257 257 264 274 287 290 304 312 314 308 283 272 263 254 244 236 236 229 222 211 209 208
-9999 -9999 -9999 -9999 -9999 -9999 -9999 -9999 -9999 -9999 -9999 -9999 -9999 -9999 -9999 -9999 -9999 -9999 -9999 -9999 -9999 -9999 -9999 -9999 -9999 -9999 -9999 -9999 -9999 -9999 326 320 315 311 305 300 295 286 282 280 277 274 271 269 267 265 264 269 271 273 275 278 281 283 282 272 269 266 261 261 258 261 259 258 261 267 276 294 308 316 317 310 298 284 273 259 250 242 235 230 224 217 213 211
-9999 -9999 -9999 -9999 -9999 -9999 -9999 -9999 -9999 -9999 -9999 -9999 -9999 -9999 -9999 -9999 -9999 -9999 -9999 -9999 -9999 -9999 -9999 -9999 -9999 -9999 -9999 -9999 -9999 -9999 324 320 316 311 307 303 300 292 289 286 284 280 276 272 269 268 268 269 278 281 284 287 291 292 291 281 278 273 268 264 267 265 264 265 260 270 280 298 311 319 319 311 298 284 270 253 247 241 235 231 226 219 214 211
-9999 -9999 -9999 -9999 -9999 -9999 -9999 -9999 -9999 -9999 -9999 -9999 -9999 -9999 -9999 -9999 -9999 -9999 -9999 -9999 -9999 -9999 -9999 -9999 -9999 -9999 -9999 -9999 -9999 -9999 -9999 319 315 312 309 306 305 299 297 295 292 288 282 277 274 272 272 275 286 290 293 296 298 301 302 290 286 279 273 270 267 272 270 271 269 275 284 301 320 320 321 313 298 281 264 252 247 240 235 232 227 221 215 212
-9999 -9999 -9999 -9999 -9999 -9999 -9999 -9999 -9999 -9999 -9999 -9999 -9999 -9999 -9999 -9999 -9999 -9999 -9999 -9999 -9999 -9999 -9999 -9999 -9999 -9999 -9999 -9999 -9999 -9999 -9999 -9999 -9999 -9999 -9999 -9999 311 305 305 303 302 297 291 285 282 280 280 283 294 298 302 305 307 312 317 300 294 285 279 277 275 281 278 276 274 280 289 304 314 321 321 298 278 261 261 255 249 242 236 232 228 222 217 214
