优先洪水填洼/优先洪水填洼/FillDEM.txt
ncols         963             
nrows         605             
xllcorner     459337.403      
yllcorner     327980.09701246 
cellsize      29.980676012461 
NODATA_value  -9999           
[rows 296 to 332 of 605, columns 588 to 671 of 963]
96 96 96 97 96 95 95 95 94 93 94 94 94 94 93 93 93 92 91 89 88 87 86 85 84 84 85 86 87 88 87 87 86 85 83 82 82 -9999 -9999 -9999 -9999 -9999 -9999 -9999 -9999 -9999 -9999 -9999 -9999 -9999 -9999 -9999 -9999 -9999 -9999 -9999 -9999 -9999 -9999 -9999 -9999 74 73 72 71 70 69 68 69 68 68 68 68 -9999 -9999 -9999 -9999 -9999 -9999 -9999 -9999 -9999 -9999 -9999
96 96 96 96 95 95 96 94 94 94 94 94 94 93 93 92 92 91 90 89 88 87 86 85 85 84 86 87 88 88 87 87 86 86 84 83 83 82 81 80 79 77 77 77 77 77 78 78 78 76 75 75 75 75 75 75 76 76 75 75 74 74 73 72 71 71 70 69 69 70 69 69 70 69 -9999 -9999 -9999 -9999 -9999 -9999 -9999 -9999 -9999 -9999
97 96 96 96 96 96 96 96 95 95 94 94 93 93 92 92 91 91 91 90 88 88 87 86 86 85 86 87 88 87 87 86 86 86 85 84 83 83 82 81 80 79 77 77 77 77 78 78 78 76 75 75 75 75 75 75 75 75 75 73 73 73 73 73 71 71 70 70 70 72 71 71 71 71 70 -9999 -9999 -9999 -9999 -9999 -9999 -9999 -9999 -9999
97 97 97 98 98 98 97 98 96 95 95 94 93 93 92 93 92 91 90 88 87 87 87 86 86 86 86 87 86 86 86 85 85 85 85 84 84 84 82 82 81 80 78 77 77 77 77 78 78 76 75 75 76 76 76 75 74 73 73 73 73 73 73 71 71 71 71 70 71 72 72 72 72 72 71 70 68 -9999 -9999 -9999 -9999 -9999 -9999 -9999
97 97 98 98 99 99 99 98 97 96 96 95 94 93 93 93 93 91 90 88 87 86 86 86 86 86 86 86 85 85 85 84 84 84 85 84 84 84 83 82 81 80 79 77 77 77 77 77 77 77 76 76 77 76 76 75 73 73 73 73 73 73 72 71 71 70 70 70 72 73 74 74 74 73 72 70 68 68 68 68 67 67 66 65
97 97 99 99 99 100 99 99 97 97 97 96 95 95 94 94 93 92 91 89 87 86 86 86 86 87 85 84 84 84 83 83 83 83 84 84 84 83 83 82 81 81 79 78 77 77 76 76 76 77 76 76 76 76 75 74 73 73 73 73 73 72 72 71 71 70 70 70 71 73 74 74 73 72 69 68 68 68 68 68 67 67 66 66
98 98 99 99 100 99 99 99 98 98 98 97 96 96 95 94 93 92 91 89 88 87 86 86 86 86 84 84 83 83 83 83 83 83 83 83 83 83 82 82 81 81 79 78 77 77 75 75 75 76 76 76 76 76 76 75 73 73 73 73 73 73 72 71 71 70 70 70 70 72 74 74 72 71 68 67 67 67 67 67 67 67 66 66
98 99 100 100 100 99 99 99 98 98 98 97 97 96 95 94 92 92 91 90 89 88 88 87 86 85 84 84 83 83 83 83 83 83 83 83 83 82 81 80 80 78 78 78 77 76 74 74 74 74 75 75 76 76 76 76 75 74 73 73 73 73 72 71 70 70 70 70 70 71 73 73 71 70 68 67 67 66 66 67 67 66 66 65
99 100 100 99 99 98 98 98 98 98 97 97 96 96 95 94 93 92 91 91 90 90 89 88 86 85 84 84 84 83 84 84 84 83 83 83 83 81 80 79 79 77 76 75 76 74 73 73 73 73 73 73 75 75 76 76 75 74 74 73 73 73 72 71 70 71 70 70 70 70 72 72 70 69 68 68 67 66 66 67 66 66 66 65
100 100 100 99 98 97 97 97 97 97 97 97 95 95 94 93 92 92 91 91 91 91 89 88 86 86 84 85 84 84 84 84 84 83 83 83 82 81 80 79 78 76 75 74 74 73 72 72 72 72 72 72 74 74 75 75 74 74 73 73 73 73 73 71 71 71 71 70 70 70 70 70 70 69 68 68 67 66 66 66 65 65 65 64
100 100 99 98 97 97 97 97 97 97 96 95 94 93 93 92 91 91 91 91 91 91 90 88 87 86 85 85 85 84 83 83 83 83 82 82 82 81 79 78 77 75 75 74 74 73 72 72 71 71 71 71 71 73 73 73 73 73 72 72 72 73 72 72 71 71 71 70 70 70 69 69 69 69 69 68 68 67 67 65 64 64 64 63
100 100 99 97 97 97 97 97 97 97 97 95 93 92 91 90 89 90 91 91 90 91 91 90 88 86 85 85 84 84 83 82 82 82 81 82 81 80 79 78 77 75 75 74 73 72 72 71 71 70 69 69 69 71 72 72 72 71 71 72 71 72 72 72 72 72 72 71 70 70 69 69 69 69 69 68 68 68 67 66 65 65 64 64
100 99 98 97 97 97 97 97 98 98 97 95 93 92 90 89 87 89 89 89 89 90 89 88 88 87 85 85 83 83 82 81 81 81 80 81 80 80 79 78 77 76 75 74 73 72 72 71 70 69 69 68 68 70 70 70 70 70 71 71 70 71 72 72 72 72 72 72 71 70 70 69 69 69 69 68 68 68 68 67 67 66 66 65
100 99 98 97 97 97 97 98 98 99 97 95 93 91 90 88 87 87 87 87 88 89 88 87 86 85 85 82 81 81 81 80 80 80 79 80 79 79 79 79 78 77 76 75 73 72 72 71 70 69 69 68 68 68 68 69 69 69 70 70 69 70 71 72 72 72 71 71 70 70 69 69 69 69 68 68 68 68 68 69 68 67 66 65
100 99 98 97 97 97 98 99 100 100 99 97 94 92 90 88 87 87 86 86 87 88 87 85 85 84 84 83 81 80 80 79 79 78 78 79 79 79 79 79 78 77 76 75 73 72 72 71 69 69 69 68 68 68 68 68 68 68 69 69 69 69 70 71 72 72 71 71 70 70 69 69 69 69 68 68 68 69 69 69 69 67 66 65
99 98 98 97 97 98 99 100 101 101 100 98 95 92 90 88 87 87 86 86 86 86 85 84 83 83 83 82 81 80 79 79 79 79 78 79 79 78 78 78 78 77 75 74 73 72 72 71 69 69 69 68 68 68 68 68 68 68 68 68 68 68 70 70 71 71 71 71 70 70 70 69 69 69 69 69 69 69 69 69 67 66 65 65
98 98 98 98 98 99 100 101 102 102 100 98 95 92 92 90 87 86 86 85 85 84 83 82 82 82 82 82 81 81 80 79 79 78 78 78 78 78 77 77 76 74 74 74 73 72 72 71 71 70 69 69 68 68 68 68 68 68 68 68 67 67 69 70 71 71 71 71 71 70 70 69 69 69 69 69 69 69 69 69 66 66 64 63
100 99 99 99 99 100 100 101 102 102 102 99 97 94 92 90 87 86 86 85 84 84 83 82 82 82 82 82 82 81 80 80 79 78 78 78 78 78 77 77 76 75 74 73 73 72 72 71 70 70 69 69 68 68 68 68 68 68 68 67 67 67 67 68 69 70 71 70 70 70 69 70 69 69 69 69 69 69 69 68 68 67 66 65
101 100 100 100 101 101 102 102 101 100 98 98 96 94 91 89 88 87 86 85 84 84 83 82 82 82 82 82 82 82 80 79 78 78 77 77 77 77 77 76 76 75 74 73 73 72 72 71 70 70 69 68 68 68 68 68 68 68 67 67 67 67 67 67 68 70 70 69 69 68 68 69 69 69 69 68 68 68 68 67 67 66 65 64
101 101 101 102 102 102 102 101 100 99 97 95 93 91 89 88 88 87 86 85 85 84 83 82 82 82 82 82 82 82 80 79 78 77 76 76 76 76 76 76 76 75 74 74 73 72 72 71 71 70 69 69 68 68 67 67 67 67 67 67 67 67 67 67 67 69 69 68 68 67 67 68 68 68 68 67 67 67 67 66 66 65 64 63
101 101 102 102 102 102 101 100 99 99 96 94 92 90 89 87 87 86 86 86 85 85 83 83 82 82 82 82 82 82 80 78 77 76 76 76 76 76 76 76 76 75 75 74 73 73 72 71 71 70 70 69 69 68 67 67 67 67 67 67 67 67 67 67 67 68 68 68 67 66 66 67 67 67 67 67 66 66 66 65 65 64 63 63
102 101 101 101 101 101 100 99 98 98 94 93 91 90 88 87 87 86 86 86 85 84 83 83 82 82 82 82 82 82 80 77 76 76 76 76 76 76 76 76 76 76 75 75 74 73 73 72 73 71 71 70 70 69 68 67 67 67 67 67 68 68 67 67 67 67 67 66 66 66 66 66 67 67 67 67 66 66 65 64 64 63 63 63
102 101 100 100 100 100 99 98 97 97 93 91 90 89 88 87 87 87 86 86 86 85 84 83 82 82 81 82 81 79 77 77 76 76 76 76 76 76 76 76 76 76 75 75 75 73 74 73 73 73 72 72 71 71 69 68 68 68 68 68 70 69 69 67 67 67 66 66 66 65 66 67 67 67 67 67 66 66 64 64 63 63 63 63
102 100 99 99 99 99 99 99 97 95 93 91 90 89 87 87 87 87 87 86 86 85 84 83 82 82 81 81 80 78 76 76 76 76 76 76 76 76 76 76 76 76 75 75 75 74 74 74 73 73 73 72 72 72 70 70 70 70 70 70 72 71 70 68 67 67 66 66 66 65 65 66 67 67 67 66 66 64 64 63 63 63 63 63
99 99 99 99 99 99 99 99 97 96 93 92 91 89 88 88 88 88 87 87 87 86 85 84 83 82 81 80 79 78 77 76 76 76 76 76 76 76 76 76 76 76 75 75 75 75 75 74 74 73 73 73 73 73 72 72 72 72 72 72 73 72 70 69 68 67 66 66 65 65 65 65 66 66 66 65 65 64 63 63 63 63 63 63
99 99 99 99 99 100 100 99 98 97 94 93 93 92 90 89 89 89 88 88 88 88 86 85 84 82 81 80 79 77 78 76 76 76 76 76 76 76 76 76 75 75 75 75 75 75 75 75 74 73 73 74 74 74 74 74 74 74 74 73 73 71 69 68 67 67 66 66 66 65 65 65 66 66 66 65 65 64 63 63 63 63 63 63
99 99 99 99 100 101 100 99 99 98 95 95 94 94 93 92 90 91 90 90 90 90 88 87 85 83 82 80 79 78 78 78 77 77 77 77 76 76 76 76 76 75 75 75 75 75 75 74 74 74 74 74 75 75 75 75 75 75 75 75 74 73 70 67 66 66 66 66 66 66 65 65 65 65 65 65 64 63 63 63 63 63 63 63
99 99 99 99 101 102 101 100 99 98 95 96 95 95 94 93 92 93 93 92 92 92 90 88 87 84 82 80 79 79 79 80 80 79 79 79 77 78 77 77 77 76 75 75 75 75 75 74 74 74 75 76 76 76 76 76 76 76 76 76 74 73 70 66 66 66 67 67 67 67 67 66 64 64 65 64 64 63 63 63 63 63 63 63
99 99 99 100 102 102 102 101 100 100 97 98 97 96 95 93 94 94 94 93 94 93 92 89 87 85 83 81 80 79 79 81 81 81 81 81 79 79 78 78 77 76 75 75 75 75 75 75 74 75 75 76 76 76 76 77 77 76 76 74 73 73 70 67 66 66 67 68 68 68 67 67 65 64 64 65 64 63 63 63 63 63 63 63
99 99 99 101 102 103 103 102 101 101 99 99 98 97 96 95 94 94 94 94 94 93 92 92 87 85 84 82 80 80 79 82 82 82 82 82 81 80 79 79 77 76 76 75 74 74 74 75 75 75 75 75 75 75 76 76 76 76 75 74 73 70 68 66 66 66 66 67 68 68 68 67 65 64 64 65 65 64 63 63 63 63 63 63
100 100 100 101 103 103 103 103 102 101 100 99 99 98 96 95 95 94 94 94 94 93 92 90 87 86 84 82 81 81 81 83 83 83 83 82 81 81 80 79 77 77 76 76 75 74 74 74 75 75 74 74 74 74 75 75 75 75 75 74 73 71 69 68 68 67 68 68 68 69 69 69 65 64 65 65 65 65 64 63 63 63 63 63
101 101 101 102 103 103 103 103 102 102 100 100 99 99 98 96 95 95 94 94 94 93 92 90 87 86 86 85 83 82 83 84 83 83 83 83 82 81 80 79 79 77 77 76 76 75 75 75 74 74 74 74 73 73 74 74 74 74 74 75 74 73 72 69 69 69 69 69 69 69 69 69 65 65 66 66 66 66 65 65 64 63 63 63
103 103 102 102 103 103 103 103 103 101 100 100 99 98 97 96 95 95 94 94 94 93 93 92 90 87 86 85 84 83 84 83 83 83 83 82 81 81 81 80 79 78 78 77 77 76 75 75 75 75 74 74 73 73 73 73 73 73 74 74 74 73 72 70 69 70 70 70 70 70 69 69 68 66 65 67 67 66 65 65 65 63 63 63
105 105 103 103 103 103 103 102 102 101 101 100 99 97 97 96 95 95 94 93 93 93 93 92 90 87 85 85 84 84 84 83 83 83 83 82 81 81 80 80 79 79 78 78 78 77 76 76 75 75 75 75 74 73 73 73 73 73 73 74 74 72 72 71 70 70 71 71 71 70 70 70 69 67 66 67 67 67 66 66 66 65 65 65
106 104 103 103 102 102 102 102 101 100 100 99 99 97 96 95 95 94 94 93 93 93 93 92 89 87 85 84 85 84 84 83 83 83 83 82 82 81 81 81 80 80 80 79 77 78 76 75 75 75 75 76 75 74 74 73 73 73 73 73 73 72 71 71 70 70 70 71 71 71 70 69 68 68 67 68 67 67 66 66 66 66 66 66
106 105 103 103 102 102 101 100 99 98 99 98 98 96 96 95 95 94 93 93 93 92 91 90 88 87 85 83 84 83 83 83 82 83 82 82 82 82 82 81 81 81 80 80 78 78 77 76 76 76 76 75 75 75 74 73 73 73 73 73 72 71 71 71 71 70 70 71 71 71 70 69 68 68 68 69 68 67 67 66 66 66 66 66
106 105 104 103 102 102 100 99 98 98 97 97 96 96 95 95 95 94 92 92 91 91 90 89 88 86 84 83 83 82 82 82 82 82 82 82 82 82 82 82 82 81 81 80 79 78 77 77 77 76 76 76 75 75 74 73 73 73 73 72 72 71 71 71 71 71 70 70 71 71 69 69 69 68 68 69 69 68 67 66 66 66 66 66
