优先洪水填洼/优先洪水填洼/FillDEM.txt
ncols         963             
nrows         605             
xllcorner     459337.403      
yllcorner     327980.09701246 
cellsize      29.980676012461 
NODATA_value  -9999           
[rows 111 to 147 of 605, columns 168 to 251 of 963]
974 979 1001 1012 1024 1035 1037 1047 1053 1056 1053 1053 1047 1037 1025 1009 990 971 956 965 965 954 964 975 988 1001 1013 1024 1052 1056 1033 1029 1030 1034 1035 1028 1001 985 969 955 940 925 911 898 885 874 872 868 867 855 842 841 840 841 844 858 862 869 879 889 900 911 918 925 940 942 944 946 953 949 942 934 926 905 890 873 857 843 830 818 801 785 738 719
962 966 986 996 1010 1024 1026 1036 1042 1044 1041 1034 1026 1013 996 978 978 959 945 938 949 941 948 959 972 984 996 1006 1031 1034 1017 1016 1017 1018 1015 1009 981 988 972 947 933 919 906 893 881 870 865 859 856 844 833 831 830 829 830 848 856 866 876 887 887 897 905 914 933 940 948 953 953 956 949 940 931 916 901 883 864 847 832 816 794 777 761 732
949 953 972 982 996 1012 1014 1025 1031 1033 1029 1022 1014 1001 984 966 949 936 928 926 941 941 935 945 957 970 982 991 997 1016 1017 1000 999 997 993 987 961 972 961 951 941 929 903 891 881 871 861 853 848 838 831 827 824 822 821 835 843 853 863 874 885 895 905 920 938 938 949 957 959 956 949 938 928 919 906 887 867 848 831 812 794 771 756 733
935 939 959 970 984 1000 1006 1017 1022 1022 1016 1009 1000 986 971 955 939 926 919 916 929 923 932 943 955 966 966 975 981 1001 1001 982 978 975 970 966 944 956 950 943 935 925 914 903 894 885 861 852 844 838 834 828 822 818 815 823 830 839 851 861 874 887 899 914 935 946 955 958 948 940 940 929 917 915 901 885 867 847 826 804 786 766 755 736
918 921 946 958 974 991 998 1009 1013 1011 1006 1009 985 971 957 942 928 916 909 906 918 911 918 929 940 949 957 962 964 984 961 961 957 953 949 946 928 928 939 934 929 921 913 906 899 893 866 856 845 836 838 838 831 822 816 815 818 828 839 850 864 879 893 907 931 937 947 951 948 934 927 917 903 888 874 874 860 842 818 796 779 762 752 737
902 904 926 948 965 965 973 989 999 1003 1001 996 985 972 958 943 929 916 906 899 906 895 898 905 914 923 932 938 942 964 961 940 936 933 930 929 929 913 928 926 924 921 916 912 908 905 902 875 862 839 850 841 832 822 814 812 810 811 819 829 841 855 872 887 923 926 934 934 937 920 914 903 889 887 872 859 847 831 809 790 790 770 749 749
888 892 908 914 925 938 955 978 989 993 992 995 974 960 946 931 918 907 897 890 896 883 884 891 898 906 913 919 922 943 942 919 917 915 914 913 900 900 913 912 911 911 910 909 910 910 909 895 885 871 864 854 842 820 811 809 806 807 812 821 834 848 865 881 900 904 914 920 922 906 901 891 878 873 858 845 834 818 800 784 764 751 745 733
880 887 905 905 915 929 945 951 966 976 980 985 963 949 935 922 909 899 890 881 885 872 873 878 883 889 895 900 903 923 922 902 901 900 900 900 889 888 900 899 900 901 904 908 911 913 909 904 894 880 864 856 842 829 818 807 801 801 805 815 828 843 858 874 894 894 901 906 907 893 890 881 869 863 847 834 821 806 791 778 757 745 740 729
871 879 896 906 919 935 939 953 953 963 968 974 963 939 926 913 903 893 884 875 875 865 864 867 871 875 880 884 886 903 903 887 888 889 889 889 879 877 887 886 887 890 895 901 907 910 907 899 885 869 852 839 839 826 815 803 799 795 799 809 823 838 852 864 875 882 889 892 894 893 880 873 862 854 838 823 810 797 784 771 753 740 733 723
862 871 881 899 911 925 929 941 949 954 952 961 938 938 918 907 897 888 879 871 868 861 859 860 861 863 868 871 873 887 888 887 876 878 879 880 870 866 874 873 873 877 883 890 898 901 899 898 885 870 852 835 823 812 800 790 789 789 789 793 817 831 844 854 863 871 875 879 880 881 869 865 857 848 832 816 803 790 779 766 751 736 728 717
855 864 874 891 903 916 919 929 936 939 937 932 924 915 908 900 891 874 874 868 866 858 855 854 852 854 857 861 862 874 874 875 866 869 871 871 860 855 862 859 858 862 868 877 885 888 887 891 879 866 852 831 822 809 796 785 784 783 788 797 810 823 823 836 852 857 861 864 866 868 856 856 851 842 828 813 800 788 778 765 752 737 724 713
849 858 867 884 895 907 909 917 923 925 922 916 924 903 897 891 884 876 869 863 853 849 846 846 845 845 849 851 852 862 862 863 855 859 862 862 849 844 849 845 844 847 853 862 870 874 873 880 870 858 846 830 821 807 791 779 779 778 783 791 803 815 827 835 840 847 848 848 850 854 856 847 847 844 830 818 806 793 781 767 757 743 724 711
842 851 860 878 888 899 899 907 910 911 908 903 910 892 888 884 877 870 864 856 850 841 838 836 837 840 842 841 841 851 851 852 855 848 852 852 837 830 837 831 830 832 839 847 854 859 859 868 860 850 841 828 818 802 784 771 772 771 777 785 797 808 819 826 829 831 834 835 839 844 840 844 844 845 838 830 820 807 790 772 763 748 732 712
835 843 852 870 880 890 890 896 898 899 896 892 897 884 880 877 871 863 856 847 840 834 829 827 828 831 831 831 829 839 840 844 837 837 840 841 824 816 823 818 816 819 825 832 839 844 846 856 851 843 836 828 812 795 776 764 764 764 770 778 790 801 810 816 818 819 819 819 822 827 835 841 846 852 843 833 819 819 800 780 769 752 736 715
826 834 843 862 872 882 890 884 887 887 886 883 888 884 873 869 863 854 845 836 828 822 818 817 817 819 821 820 818 816 828 832 824 828 828 809 801 795 809 804 802 804 809 816 824 830 834 845 842 838 833 823 802 785 768 756 757 756 762 771 781 792 800 806 807 819 804 805 809 817 818 830 838 845 851 842 827 809 788 774 755 739 739 718
815 822 831 852 862 871 879 871 875 876 875 873 879 876 863 859 852 844 834 825 818 812 809 807 808 810 812 812 810 808 817 820 811 813 813 793 786 779 775 787 789 794 801 809 809 817 824 836 835 832 829 814 791 775 761 750 751 750 755 763 772 782 790 793 793 805 789 791 798 807 818 822 833 840 853 845 831 813 794 776 757 742 728 704
807 815 824 849 858 858 866 858 862 865 866 863 871 867 852 847 841 833 825 816 808 803 800 799 800 802 803 803 802 799 806 807 811 798 797 777 771 766 761 773 775 779 786 796 806 815 820 828 826 826 822 803 781 768 755 746 745 745 748 754 763 771 777 779 778 791 773 776 785 797 809 812 823 832 847 849 842 812 795 774 757 744 732 711
792 798 807 833 843 851 844 850 855 856 856 855 861 857 842 837 831 824 816 808 800 796 792 790 792 794 795 796 795 791 796 795 795 784 783 764 759 754 750 760 762 766 774 785 796 806 813 814 819 812 792 781 762 751 751 743 741 739 740 745 752 758 762 763 760 776 757 761 773 786 799 800 812 820 837 838 832 822 806 791 774 744 735 720
777 782 789 816 826 835 831 840 846 849 848 846 847 842 831 831 826 820 811 802 794 796 784 782 783 785 787 787 787 785 787 785 783 772 771 769 755 750 741 749 750 755 763 775 788 798 805 805 810 803 783 773 756 748 742 736 731 734 736 736 740 743 744 743 741 758 740 746 758 773 787 800 798 807 824 822 817 808 795 783 769 750 743 726
762 762 766 799 809 820 819 830 837 842 843 842 841 836 831 826 826 819 810 800 800 789 778 775 775 776 778 779 780 779 780 777 774 772 765 763 754 749 743 739 741 745 753 766 778 789 795 795 802 794 776 766 761 752 747 742 736 728 728 727 728 727 725 725 725 739 725 731 742 757 773 787 773 786 810 808 801 791 781 781 772 752 744 737
749 749 752 757 782 793 792 806 818 827 835 838 839 835 837 834 830 824 814 803 791 781 774 769 767 767 767 768 771 772 774 771 768 768 761 758 750 744 738 738 733 731 737 745 756 768 778 785 796 793 777 769 761 747 744 743 738 730 726 722 717 714 711 709 708 697 711 717 728 728 743 759 762 774 795 798 795 787 776 767 759 741 735 739
740 739 740 744 766 778 778 793 805 816 826 833 839 839 837 838 836 830 821 808 794 780 770 764 760 758 760 762 764 766 773 770 767 764 759 756 750 739 731 731 726 724 725 729 736 757 767 773 787 783 767 760 753 739 739 740 737 731 724 718 711 705 700 697 696 686 699 704 714 729 747 762 764 773 773 787 785 776 765 756 749 729 723 732
738 735 732 733 752 763 763 778 792 805 817 826 833 839 840 842 840 835 827 815 799 781 769 761 754 751 752 753 755 760 765 764 761 759 752 752 746 732 725 725 720 717 718 721 727 735 744 752 775 772 755 750 744 731 732 734 733 732 724 716 708 701 694 689 687 676 687 691 700 715 735 752 756 765 770 776 769 758 748 748 739 717 710 721
736 733 729 727 739 749 749 763 778 792 806 817 826 838 841 842 842 839 831 819 803 786 769 759 751 745 744 744 747 751 760 759 758 756 746 739 725 718 712 714 714 710 711 713 717 723 731 737 758 759 742 737 733 724 725 727 725 729 722 714 706 699 691 684 680 667 675 677 685 698 719 741 744 755 762 769 763 753 741 729 707 699 694 690
732 728 728 724 726 729 736 749 763 779 793 806 817 833 839 839 841 839 832 820 805 787 770 761 750 740 736 735 739 744 753 753 753 750 738 732 717 711 706 707 704 704 705 707 711 716 716 721 743 745 745 729 726 724 716 716 716 723 718 711 704 696 688 680 672 660 664 664 670 681 700 725 727 743 751 763 758 748 733 719 698 689 682 676
731 727 722 717 721 726 724 724 735 749 780 795 808 826 834 839 836 836 829 818 803 787 772 763 753 741 732 731 735 736 734 744 744 742 727 723 711 705 700 702 699 696 696 697 699 703 707 712 730 730 719 719 718 716 708 705 702 713 710 706 700 693 685 676 668 659 656 654 658 667 683 706 727 726 738 755 752 741 726 711 692 681 672 664
730 726 720 714 715 718 715 724 737 752 769 785 785 818 826 833 830 830 824 814 801 786 774 766 759 746 735 731 730 728 726 733 732 730 727 715 707 703 698 695 694 690 688 687 689 691 694 700 716 718 719 712 711 699 695 691 691 700 698 696 694 690 684 676 668 663 652 649 650 656 670 689 709 710 725 745 744 735 721 706 689 677 666 657
727 723 718 711 710 711 707 715 726 742 760 777 792 819 826 824 823 823 818 809 798 786 775 768 762 751 741 734 727 722 718 723 721 720 717 708 703 702 700 697 692 688 685 682 682 681 682 687 705 709 712 705 704 699 685 680 674 684 683 687 687 687 683 678 671 669 654 648 646 649 660 675 693 698 713 734 736 730 718 703 687 675 662 653
725 720 715 708 706 705 702 708 718 733 751 769 785 803 812 819 818 812 805 795 785 779 777 771 764 754 744 735 725 718 713 715 713 712 710 703 700 701 700 699 693 688 684 680 678 675 671 672 679 700 704 691 691 689 675 670 665 671 672 676 680 683 680 676 675 666 660 651 645 644 652 665 681 698 704 723 728 725 715 701 688 675 662 651
722 717 712 705 703 701 702 703 712 725 742 761 778 797 805 813 811 811 807 801 784 779 773 767 757 746 736 736 725 716 709 709 707 705 704 703 695 696 697 697 694 689 684 679 675 670 665 662 664 685 688 670 674 676 664 659 654 652 663 666 672 677 682 682 680 675 655 645 642 646 657 657 672 689 697 715 721 721 713 701 690 677 663 652
718 714 709 702 699 697 698 699 707 718 734 753 770 790 799 806 803 803 801 796 790 778 773 767 758 747 735 724 714 704 699 702 702 700 699 699 689 690 692 693 694 689 684 679 673 666 660 656 653 665 665 649 656 662 664 645 642 641 653 656 663 671 678 682 682 678 657 646 639 641 651 665 682 690 701 715 715 717 713 702 690 678 664 653
714 710 705 700 693 694 694 694 701 712 726 745 760 783 792 798 803 793 791 788 784 767 774 761 755 745 733 722 710 699 692 696 694 693 694 683 683 683 685 686 691 687 682 676 670 663 657 651 647 648 644 635 640 648 649 631 630 629 642 646 654 663 672 677 679 677 660 656 643 636 645 658 674 682 693 709 712 710 701 686 675 675 663 652
711 707 702 697 691 690 691 689 695 705 718 735 751 773 782 788 792 779 778 775 772 767 762 756 749 745 737 716 707 696 688 690 689 687 688 678 678 678 679 677 681 677 672 672 666 660 653 648 644 639 632 630 631 634 634 621 619 618 631 636 644 654 663 669 672 669 650 649 637 631 631 639 652 682 681 700 704 704 696 680 670 659 648 638
703 699 694 688 688 686 686 684 689 698 710 725 740 751 770 775 778 762 761 758 756 752 746 740 732 728 723 714 706 700 692 685 684 683 683 678 676 675 675 672 673 669 665 659 656 651 646 642 642 636 630 629 627 625 623 615 613 611 620 626 634 644 653 658 661 658 637 639 629 624 625 632 644 658 659 659 693 693 688 680 662 652 641 629
703 699 695 690 685 682 678 682 690 690 700 713 727 727 756 760 762 743 744 742 740 737 727 721 714 710 706 701 696 696 692 684 682 681 680 677 678 676 674 672 668 663 659 659 655 652 649 646 642 632 631 627 623 623 619 615 614 610 611 616 616 624 633 641 647 648 632 628 620 616 618 625 635 648 637 646 667 678 680 677 660 653 643 631
698 695 691 686 680 679 670 669 673 680 689 700 711 720 737 741 743 743 724 723 720 716 691 707 700 693 690 688 685 682 682 689 686 684 680 679 676 675 673 670 669 666 662 658 653 649 647 646 644 637 640 636 631 625 620 616 610 606 607 606 608 615 623 630 635 636 621 625 617 611 609 611 618 627 637 633 652 657 662 665 648 642 632 620
694 690 686 681 675 674 664 662 664 669 676 685 693 700 724 725 724 704 703 703 701 697 669 685 678 670 666 665 664 662 664 667 681 681 680 680 677 668 667 666 667 665 661 658 652 648 647 648 649 642 648 644 638 631 624 620 613 607 603 603 607 614 620 620 624 625 613 614 608 603 602 606 612 619 626 622 638 642 646 650 651 635 628 618
