优先洪水填洼/优先洪水填洼/FillDEM.txt
ncols         963             
nrows         605             
xllcorner     459337.403      
yllcorner     327980.09701246 
cellsize      29.980676012461 
NODATA_value  -9999           
[rows 370 to 406 of 605, columns 504 to 587 of 963]
148 148 148 148 146 146 145 145 145 145 144 143 141 141 141 140 141 142 142 142 140 139 138 136 135 134 133 132 131 131 131 131 131 131 131 130 129 128 127 127 126 126 125 126 127 126 126 124 124 124 123 123 123 123 123 123 123 122 121 120 120 120 119 119 118 117 116 115 115 114 113 112 110 110 109 109 108 107 106 105 107 107 107 107
147 147 147 147 146 146 145 145 145 144 143 142 141 141 141 140 142 142 141 141 140 138 137 136 134 133 133 132 131 131 131 130 131 131 131 130 129 128 127 127 126 126 125 125 126 126 125 123 123 123 123 123 123 123 123 123 123 122 121 120 120 119 119 119 118 117 116 115 115 115 114 111 110 109 109 108 107 105 105 103 104 104 104 105
146 146 146 146 145 145 145 144 144 144 144 142 141 141 141 140 140 142 141 141 140 138 136 136 135 134 133 133 132 132 132 131 130 130 130 128 128 127 127 127 127 127 126 126 125 125 124 124 123 123 123 122 122 123 123 123 123 122 121 120 119 119 118 119 118 117 117 116 115 114 113 112 111 110 109 109 108 107 105 102 102 102 103 103
145 145 145 145 145 144 144 144 144 144 143 141 140 141 141 140 140 141 142 141 140 139 137 135 135 134 133 133 132 132 132 132 131 130 129 129 128 128 127 127 127 126 126 125 125 125 124 123 123 122 122 122 122 122 123 123 122 121 120 119 118 117 117 118 118 117 116 115 115 114 112 111 110 109 108 108 107 107 105 102 101 101 101 101
144 144 144 144 144 144 144 144 144 143 142 140 140 141 141 140 140 140 140 140 140 139 136 135 135 134 134 133 132 132 132 131 131 130 129 128 128 127 127 127 126 126 125 125 125 124 123 123 122 122 122 122 122 121 122 122 121 120 119 118 117 117 117 117 117 117 116 115 115 114 112 110 109 109 108 108 107 107 105 102 101 101 101 101
144 144 143 143 143 143 144 144 142 141 141 140 141 141 141 141 140 139 139 139 139 138 136 135 135 133 134 132 131 130 131 130 130 130 129 128 127 127 127 126 126 125 125 125 124 124 123 122 122 122 121 121 121 120 121 121 120 119 117 117 117 117 117 116 116 116 116 115 115 114 112 111 109 109 108 108 107 107 105 103 102 101 101 101
143 143 143 143 143 143 143 143 143 141 140 141 141 141 140 140 140 139 139 138 138 137 135 134 134 133 133 131 130 130 130 130 130 130 130 128 127 127 127 126 125 125 124 124 124 123 123 122 122 121 121 120 120 119 120 118 117 116 115 116 116 117 117 116 115 116 116 115 115 114 112 111 110 109 108 108 107 107 106 104 103 101 101 101
143 143 142 142 142 142 143 143 142 142 140 140 141 140 140 139 139 139 138 138 137 137 136 134 134 133 132 131 130 130 130 130 130 130 130 128 127 127 127 126 125 125 124 124 124 123 123 122 121 120 120 119 119 118 119 119 117 115 114 115 116 116 115 115 116 116 116 115 114 113 112 111 110 109 109 108 108 107 106 105 104 103 102 102
143 142 142 142 142 142 142 142 142 141 140 139 139 140 139 139 140 140 138 138 137 136 134 133 132 132 132 131 130 130 130 130 130 130 130 128 127 127 127 126 125 125 124 124 123 123 123 122 120 119 119 118 118 117 118 117 116 115 114 114 115 115 115 115 116 116 115 114 113 112 112 111 110 110 109 108 108 108 106 105 105 104 103 103
142 142 141 141 141 141 142 142 142 141 140 139 138 138 138 139 140 141 140 138 137 136 134 133 132 132 131 131 130 130 130 130 130 130 130 129 127 127 127 126 125 125 124 124 123 123 123 121 119 118 118 117 117 117 117 117 116 115 114 114 114 114 115 115 116 115 115 114 113 112 111 111 110 109 109 109 108 108 106 105 105 104 104 103
142 142 141 141 140 141 141 141 141 140 140 138 138 137 137 138 140 142 141 140 138 136 134 132 132 132 132 131 131 131 131 130 130 129 128 127 127 127 127 126 125 124 124 123 123 123 122 120 118 117 117 116 116 116 116 116 116 115 114 114 114 114 115 115 116 115 114 113 112 112 111 110 110 109 109 108 107 107 106 105 105 104 104 103
142 142 141 140 140 140 140 140 140 139 139 138 138 137 137 139 140 142 142 142 140 136 134 132 132 132 133 132 132 132 131 130 129 129 128 127 126 126 126 125 124 124 123 123 122 122 122 120 118 117 116 116 116 116 116 116 116 115 115 114 114 114 115 115 116 115 114 113 112 111 110 109 109 109 108 108 107 107 106 105 104 104 103 102
142 140 140 139 139 139 139 139 139 139 138 137 137 137 138 139 140 141 142 142 140 137 135 133 132 132 132 132 132 132 132 130 129 128 128 127 126 125 125 124 123 122 122 121 121 121 121 119 117 116 116 116 116 116 116 115 115 115 114 114 114 114 115 115 115 115 114 113 113 112 111 108 108 108 107 107 107 107 106 105 104 103 103 102
142 140 139 139 139 139 139 139 139 139 138 137 137 137 138 139 140 140 142 141 139 137 134 133 132 132 131 132 132 131 131 130 129 128 127 126 125 125 125 124 122 122 121 121 120 120 119 117 116 116 117 117 117 117 117 115 115 114 114 114 114 114 114 114 115 115 114 113 113 111 110 109 108 107 107 106 106 106 106 104 103 103 102 101
144 141 140 139 139 139 139 139 138 137 137 137 137 137 138 139 140 140 141 140 138 136 134 132 131 131 130 131 131 130 131 130 129 128 127 126 125 124 124 123 122 122 121 120 119 119 118 117 116 117 118 118 118 117 115 114 113 113 112 112 113 113 113 113 115 114 114 113 112 111 109 109 109 108 107 106 105 105 105 104 102 102 102 100
144 142 141 140 139 139 139 138 137 137 137 137 137 138 139 140 140 140 140 140 138 136 134 132 131 130 129 130 130 128 129 129 128 127 126 125 124 124 124 123 122 122 120 120 119 119 118 117 116 116 117 117 117 116 114 113 112 111 111 111 112 112 112 113 114 114 114 113 112 111 109 110 110 109 108 107 106 104 104 103 102 102 101 99
143 142 141 140 139 139 139 138 137 137 137 137 137 137 139 139 140 140 140 138 136 134 132 132 131 130 129 129 128 127 127 128 128 127 126 125 124 124 123 123 122 122 120 119 118 118 117 117 116 116 115 116 116 116 115 112 112 111 110 110 111 111 112 112 114 114 113 113 112 112 111 110 110 108 108 107 106 104 103 103 102 100 100 99
142 142 141 140 140 139 139 138 138 137 137 137 137 136 137 138 139 139 139 140 138 136 134 133 131 130 129 128 128 127 127 127 126 126 125 125 124 124 124 124 123 123 122 120 119 118 117 116 116 116 115 115 115 115 115 114 113 112 111 110 110 110 110 111 113 113 113 113 112 110 110 109 109 109 108 107 106 105 103 103 102 102 99 99
140 141 140 140 139 139 138 138 138 137 137 137 136 136 136 137 139 139 139 139 138 136 134 132 131 129 128 128 127 127 126 126 125 125 124 124 124 124 124 124 123 123 122 120 119 118 117 117 116 115 115 114 114 114 115 114 114 113 112 110 110 109 109 110 111 112 112 112 111 110 110 107 106 107 106 105 104 104 103 102 102 101 100 98
139 140 139 139 138 138 137 137 137 137 137 136 136 136 136 136 138 138 138 139 138 136 134 131 130 129 128 128 127 127 126 125 125 124 124 123 124 124 124 124 124 123 121 120 119 118 117 116 116 115 114 114 114 114 115 115 115 115 113 111 110 109 109 110 111 111 112 112 111 109 108 106 105 105 104 104 103 102 102 101 100 99 99 98
138 138 138 137 137 137 136 136 137 137 137 136 136 135 135 136 137 138 138 138 137 136 134 131 130 128 128 128 127 127 126 125 124 124 123 123 123 123 123 123 122 121 120 120 119 117 116 116 116 115 114 114 114 114 115 115 116 116 114 112 110 110 109 109 110 110 111 111 110 108 107 105 105 104 104 104 103 102 102 101 100 99 98 97
137 137 137 137 137 136 136 136 136 136 136 135 135 135 135 135 136 137 137 138 136 135 133 131 129 128 128 128 128 127 126 125 124 123 123 123 123 123 123 122 121 120 119 118 118 117 116 116 116 115 114 114 114 114 114 116 116 116 114 112 111 109 109 108 109 110 110 110 110 107 106 105 105 104 104 104 104 103 102 101 100 99 98 97
136 136 136 136 136 135 135 135 135 135 136 135 135 135 134 134 135 136 135 137 136 134 133 131 129 128 128 128 128 127 126 125 124 123 122 122 122 122 122 121 120 119 118 118 117 116 116 116 114 113 113 113 113 113 113 116 115 114 113 112 110 109 108 108 108 109 109 109 108 107 106 105 105 104 104 104 103 103 102 101 100 99 98 97
136 136 136 136 136 136 135 134 135 135 135 134 134 133 133 133 133 134 133 135 135 134 132 132 130 129 128 128 128 127 126 125 124 122 122 121 121 121 121 120 119 119 118 118 117 116 116 116 115 113 112 112 112 112 112 111 112 112 111 111 109 108 107 107 107 107 107 107 107 107 106 105 105 104 104 103 103 102 101 101 100 99 98 98
136 136 136 136 136 135 135 134 134 134 134 133 133 132 132 132 132 132 132 133 133 133 132 131 130 129 127 127 127 127 126 124 123 122 121 120 120 120 120 120 119 119 118 117 117 115 115 115 114 112 112 111 111 111 111 111 111 110 110 109 108 107 106 106 106 106 106 106 106 106 106 106 105 104 104 103 103 102 101 100 100 99 98 98
135 135 135 135 135 135 135 134 134 134 133 132 132 131 131 131 131 132 131 131 131 131 131 130 128 128 127 126 127 126 125 124 123 121 120 120 120 120 119 119 119 118 118 117 116 115 114 114 113 112 111 111 111 111 110 110 110 109 109 108 107 106 106 106 106 106 106 106 106 106 106 106 106 104 104 103 102 101 101 100 100 99 99 98
135 135 135 135 135 135 134 134 133 133 133 133 131 130 130 130 130 130 130 130 130 130 129 129 128 126 125 125 126 125 125 123 122 121 119 119 118 119 118 118 118 117 117 117 116 115 114 113 113 112 112 111 111 111 110 110 109 109 108 108 107 106 106 106 106 106 106 106 106 106 106 105 104 103 103 103 102 101 100 100 99 99 99 98
135 135 135 135 135 135 134 134 133 133 132 132 131 130 129 129 129 129 129 130 129 129 128 128 127 125 124 124 125 124 123 121 120 118 117 117 117 117 116 117 117 116 116 116 116 115 114 113 113 112 112 112 112 111 110 110 109 109 108 108 107 106 106 106 106 106 106 106 106 106 106 105 103 103 103 102 100 100 99 99 99 98 98 98
135 135 134 134 134 134 134 133 133 132 131 131 130 129 128 128 128 128 128 127 129 128 128 127 127 125 124 123 124 123 122 120 119 118 116 116 116 115 115 115 115 115 115 116 116 116 114 113 113 113 112 112 112 111 111 110 109 109 108 108 107 106 106 106 106 106 106 106 107 106 105 105 103 102 102 102 100 99 99 99 98 97 97 97
135 135 134 134 134 134 133 133 132 132 131 130 130 128 127 127 127 127 127 126 128 128 127 127 126 124 123 122 123 122 121 120 119 119 117 117 116 115 115 115 115 115 116 116 116 116 115 114 114 113 112 111 111 111 110 110 110 109 108 107 106 106 106 106 106 106 106 108 107 106 105 104 103 101 102 101 99 99 98 98 98 97 97 97
135 135 134 134 133 133 133 132 132 131 131 130 129 127 127 126 126 126 126 126 126 127 126 126 125 124 123 122 122 121 120 120 121 120 118 117 116 115 115 115 115 115 116 116 116 115 115 114 112 112 112 111 111 110 110 110 110 109 108 107 106 106 106 106 106 106 108 108 108 107 105 103 102 100 101 100 99 99 98 98 98 98 98 97
136 136 134 134 133 133 132 131 131 130 129 129 128 127 126 125 125 125 125 125 126 126 125 125 124 124 123 122 122 121 121 121 122 122 120 119 118 116 115 115 116 116 116 115 115 114 115 114 112 111 111 110 110 110 110 110 110 109 107 106 106 106 106 106 106 106 108 109 109 107 105 105 104 102 100 100 99 99 99 99 99 99 99 98
136 136 135 134 134 133 132 131 131 130 130 128 127 127 126 125 125 125 125 124 125 125 125 124 123 123 122 122 122 122 122 122 123 122 120 119 118 117 115 115 116 116 117 116 115 114 113 114 113 111 111 110 110 110 110 110 109 108 106 106 106 106 106 106 106 106 107 108 109 108 106 105 104 102 100 99 99 99 99 99 100 100 100 99
136 136 135 135 134 133 132 131 130 130 129 129 127 126 126 124 124 124 124 124 124 124 124 123 122 122 121 121 122 123 123 123 123 122 120 119 118 117 115 115 116 116 116 116 115 113 112 113 112 111 110 110 110 110 110 109 109 108 106 106 106 106 106 106 106 108 108 108 108 107 106 105 104 102 101 100 100 99 100 100 100 100 100 100
135 135 135 135 134 132 132 130 130 129 129 128 127 126 125 124 124 124 124 124 124 123 122 121 121 120 120 120 122 124 124 125 124 123 120 119 118 117 115 116 116 116 116 115 114 113 111 112 111 110 110 110 110 110 110 109 108 108 106 106 106 106 106 106 106 106 106 106 106 106 105 105 104 103 101 101 100 100 100 100 100 100 100 100
135 134 135 134 133 132 131 130 129 129 128 127 127 126 125 124 124 124 124 124 124 123 122 120 120 120 120 122 123 124 125 124 124 123 122 120 118 117 115 115 115 115 115 115 114 113 111 111 111 110 110 110 110 110 109 109 108 107 106 106 106 106 106 106 106 106 106 106 106 106 105 104 103 103 101 101 101 100 100 99 99 99 99 100
134 134 134 133 133 132 131 129 128 128 128 127 126 126 125 124 124 124 124 124 123 123 122 120 120 120 120 121 122 123 124 123 122 121 119 118 117 117 115 115 115 115 115 115 114 113 112 110 110 110 110 110 110 110 109 109 108 107 106 106 106 106 106 106 106 106 106 106 106 106 105 104 103 103 103 101 100 99 99 99 99 99 99 99
